7 5 3 5 86.2 26.2 94.3 5.1 8.2 51 6.7 0 0
7 4 10 2 90.6 35.4 669.1 6.7 18 33 0.9 0 0
7 4 10 6 90.6 43.7 686.9 6.7 14.6 33 1.3 0 0
8 6 3 5 91.7 33.3 77.5 9 8.3 97 4 0.2 0
8 6 3 7 89.3 51.3 102.2 9.6 11.4 99 1.8 0 0
8 6 8 7 92.3 85.3 488 14.7 22.2 29 5.4 0 0
8 6 8 1 92.3 88.9 495.6 8.5 24.1 27 3.1 0 0
8 6 8 1 91.5 145.4 608.2 10.7 8 86 2.2 0 0
8 6 9 2 91 129.5 692.6 7 13.1 63 5.4 0 0
7 5 9 6 92.5 88 698.6 7.1 22.8 40 4 0 0
7 5 9 6 92.5 88 698.6 7.1 17.8 51 7.2 0 0
7 5 9 6 92.8 73.2 713 22.6 19.3 38 4 0 0
6 5 8 5 63.5 70.8 665.3 0.8 17 72 6.7 0 0
6 5 9 1 90.9 126.5 686.5 7 21.3 42 2.2 0 0
6 5 9 3 92.9 133.3 699.6 9.2 26.4 21 4.5 0 0
6 5 9 5 93.3 141.2 713.9 13.9 22.9 44 5.4 0 0
5 5 3 6 91.7 35.8 80.8 7.8 15.1 27 5.4 0 0
8 5 10 1 84.9 32.8 664.2 3 16.7 47 4.9 0 0
6 4 3 3 89.2 27.9 70.8 6.3 15.9 35 4 0 0
6 4 4 6 86.3 27.4 97.1 5.1 9.3 44 4.5 0 0
6 4 9 2 91 129.5 692.6 7 18.3 40 2.7 0 0
5 4 9 1 91.8 78.5 724.3 9.2 19.1 38 2.7 0 0
7 4 6 7 94.3 96.3 200 56.1 21 44 4.5 0 0
7 4 8 6 90.2 110.9 537.4 6.2 19.5 43 5.8 0 0
7 4 8 6 93.5 139.4 594.2 20.3 23.7 32 5.8 0 0
7 4 8 7 91.4 142.4 601.4 10.6 16.3 60 5.4 0 0
7 4 9 5 92.4 117.9 668 12.2 19 34 5.8 0 0
7 4 9 1 90.9 126.5 686.5 7 19.4 48 1.3 0 0
6 3 9 6 93.4 145.4 721.4 8.1 30.2 24 2.7 0 0
6 3 9 7 93.5 149.3 728.6 8.1 22.8 39 3.6 0 0
6 3 9 5 94.3 85.1 692.3 15.9 25.4 24 3.6 0 0
6 3 9 1 88.6 91.8 709.9 7.1 11.2 78 7.6 0 0
6 3 9 5 88.6 69.7 706.8 5.8 20.6 37 1.8 0 0
6 3 9 7 91.7 75.6 718.3 7.8 17.7 39 3.6 0 0
6 3 9 1 91.8 78.5 724.3 9.2 21.2 32 2.7 0 0
6 3 9 2 90.3 80.7 730.2 6.3 18.2 62 4.5 0 0
6 3 10 2 90.6 35.4 669.1 6.7 21.7 24 4.5 0 0
7 4 10 5 90 41.5 682.6 8.7 11.3 60 5.4 0 0
7 3 10 6 90.6 43.7 686.9 6.7 17.8 27 4 0 0
4 4 3 2 88.1 25.7 67.6 3.8 14.1 43 2.7 0 0
4 4 7 2 79.5 60.6 366.7 1.5 23.3 37 3.1 0 0
4 4 8 6 90.2 96.9 624.2 8.9 18.4 42 6.7 0 0
4 4 8 2 94.8 108.3 647.1 17 16.6 54 5.4 0 0
4 4 9 6 92.5 88 698.6 7.1 19.6 48 2.7 0 0
4 4 9 3 90.1 82.9 735.7 6.2 12.9 74 4.9 0 0
5 6 9 3 94.3 85.1 692.3 15.9 25.9 24 4 0 0
5 6 9 1 90.9 126.5 686.5 7 14.7 70 3.6 0 0
6 6 7 1 94.2 62.3 442.9 11 23 36 3.1 0 0
4 4 3 1 87.2 23.9 64.7 4.1 11.8 35 1.8 0 0
4 4 3 1 87.6 52.2 103.8 5 11 46 5.8 0 0
4 4 9 4 92.9 137 706.4 9.2 20.8 17 1.3 0 0
4 3 8 7 90.2 99.6 631.2 6.3 21.5 34 2.2 0 0
4 3 8 3 92.1 111.2 654.1 9.6 20.4 42 4.9 0 0
4 3 8 3 92.1 111.2 654.1 9.6 20.4 42 4.9 0 0
4 3 8 4 91.7 114.3 661.3 6.3 17.6 45 3.6 0 0
4 3 9 4 92.9 137 706.4 9.2 27.7 24 2.2 0 0
4 3 9 2 90.3 80.7 730.2 6.3 17.8 63 4.9 0 0
4 3 10 7 92.6 46.5 691.8 8.8 13.8 50 2.7 0 0
2 2 2 1 84 9.3 34 2.1 13.9 40 5.4 0 0
2 2 2 5 86.6 13.2 43 5.3 12.3 51 0.9 0 0
2 2 3 7 89.3 51.3 102.2 9.6 11.5 39 5.8 0 0
2 2 3 7 89.3 51.3 102.2 9.6 5.5 59 6.3 0 0
2 2 8 4 93 75.3 466.6 7.7 18.8 35 4.9 0 0
2 2 8 7 90.2 99.6 631.2 6.3 20.8 33 2.7 0 0
2 2 8 1 91.1 103.2 638.8 5.8 23.1 31 3.1 0 0
2 2 8 4 91.7 114.3 661.3 6.3 18.6 44 4.5 0 0
2 2 9 5 92.4 117.9 668 12.2 23 37 4.5 0 0
2 2 9 5 92.4 117.9 668 12.2 19.6 33 5.4 0 0
2 2 9 5 92.4 117.9 668 12.2 19.6 33 6.3 0 0
4 5 3 5 91.7 33.3 77.5 9 17.2 26 4.5 0 0
4 5 3 5 91.2 48.3 97.8 12.5 15.8 27 7.6 0 0
4 5 9 5 94.3 85.1 692.3 15.9 17.7 37 3.6 0 0
5 4 3 5 91.7 33.3 77.5 9 15.6 25 6.3 0 0
5 4 8 2 88.8 147.3 614.5 9 17.3 43 4.5 0 0
5 4 9 5 93.3 141.2 713.9 13.9 27.6 30 1.3 0 0
9 9 2 4 84.2 6.8 26.6 7.7 6.7 79 3.1 0 0
9 9 2 5 86.6 13.2 43 5.3 15.7 43 3.1 0 0
1 3 3 1 87.6 52.2 103.8 5 8.3 72 3.1 0 0
1 2 8 5 90.1 108 529.8 12.5 14.7 66 2.7 0 0
1 2 8 2 91 121.2 561.6 7 21.6 19 6.7 0 0
1 2 8 7 91.4 142.4 601.4 10.6 19.5 39 6.3 0 0
1 2 8 7 90.2 99.6 631.2 6.3 17.9 44 2.2 0 0
1 2 8 2 94.8 108.3 647.1 17 18.6 51 4.5 0 0
1 2 8 3 92.1 111.2 654.1 9.6 16.6 47 0.9 0 0
1 2 8 4 91.7 114.3 661.3 6.3 20.2 45 3.6 0 0
1 2 9 4 92.9 137 706.4 9.2 21.5 15 0.9 0 0
1 2 9 4 92.9 137 706.4 9.2 25.4 27 2.2 0 0
1 2 9 4 92.9 137 706.4 9.2 22.4 34 2.2 0 0
1 2 9 7 93.5 149.3 728.6 8.1 25.3 36 3.6 0 0
6 5 3 6 91.7 35.8 80.8 7.8 17.4 25 4.9 0 0
6 5 8 6 90.2 96.9 624.2 8.9 14.7 59 5.8 0 0
8 6 3 5 91.7 35.8 80.8 7.8 17.4 24 5.4 0 0
8 6 8 7 92.3 85.3 488 14.7 20.8 32 6.3 0 0
8 6 8 7 91.4 142.4 601.4 10.6 18.2 43 4.9 0 0
8 6 8 1 91.1 103.2 638.8 5.8 23.4 22 2.7 0 0
4 4 9 7 89.7 90 704.4 4.8 17.8 64 1.3 0 0
3 4 2 6 83.9 8 30.2 2.6 12.7 48 1.8 0 0
3 4 3 6 69 2.4 15.5 0.7 17.4 24 5.4 0 0
3 4 8 7 91.4 142.4 601.4 10.6 11.6 87 4.5 0 0
3 4 8 7 91.4 142.4 601.4 10.6 19.8 39 5.4 0 0
3 4 8 7 91.4 142.4 601.4 10.6 19.8 39 5.4 0 0
3 4 8 2 88.8 147.3 614.5 9 14.4 66 5.4 0 0
2 4 8 2 94.8 108.3 647.1 17 20.1 40 4 0 0
2 4 9 6 92.5 121.1 674.4 8.6 24.1 29 4.5 0 0
2 4 1 6 82.1 3.7 9.3 2.9 5.3 78 3.1 0 0
4 5 3 5 85.9 19.5 57.3 2.8 12.7 52 6.3 0 0
4 5 3 4 91.4 30.7 74.3 7.5 18.2 29 3.1 0 0
4 5 8 7 90.2 99.6 631.2 6.3 21.4 33 3.1 0 0
4 5 9 6 92.5 88 698.6 7.1 20.3 45 3.1 0 0
4 5 9 1 88.6 91.8 709.9 7.1 17.4 56 5.4 0 0
4 4 3 5 85.9 19.5 57.3 2.8 13.7 43 5.8 0 0
3 4 3 5 91.7 33.3 77.5 9 18.8 18 4.5 0 0
3 4 9 7 89.7 90 704.4 4.8 22.8 39 3.6 0 0
3 4 9 1 91.8 78.5 724.3 9.2 18.9 35 2.7 0 0
3 4 3 2 88.1 25.7 67.6 3.8 15.8 27 7.6 0 0
3 5 3 2 88.1 25.7 67.6 3.8 15.5 27 6.3 0 0
3 4 3 6 91.7 35.8 80.8 7.8 11.6 30 6.3 0 0
3 4 3 6 91.7 35.8 80.8 7.8 15.2 27 4.9 0 0
3 4 3 1 90.1 39.7 86.6 6.2 10.6 30 4 0 0
3 4 8 4 93 75.3 466.6 7.7 19.6 36 3.1 0 0
3 4 8 1 91.5 145.4 608.2 10.7 10.3 74 2.2 0 0
3 4 8 1 91.5 145.4 608.2 10.7 17.1 43 5.4 0 0
3 4 9 7 92.4 124.1 680.7 8.5 22.5 42 5.4 0 0
3 4 9 2 84.4 73.4 671.9 3.2 17.9 45 3.1 0 0
3 4 9 5 94.3 85.1 692.3 15.9 19.8 50 5.4 0 0
3 4 10 7 92.6 46.5 691.8 8.8 20.6 24 5.4 0 0
3 5 3 1 87.6 52.2 103.8 5 9 49 2.2 0 0
3 5 9 5 93.5 149.3 728.6 8.1 17.2 43 3.1 0 0
3 5 10 3 91.4 37.9 673.8 5.2 15.9 46 3.6 0 0
2 5 10 7 92.6 46.5 691.8 8.8 15.4 35 0.9 0 0
4 6 2 6 68.2 21.5 87.2 0.8 15.4 40 2.7 0 0
4 6 3 1 87.2 23.9 64.7 4.1 14 39 3.1 0 0
4 6 3 7 89.3 51.3 102.2 9.6 10.6 46 4.9 0 0
4 6 9 4 93.7 80.9 685.2 17.9 17.6 42 3.1 0 0
3 5 3 2 88.1 25.7 67.6 3.8 14.9 38 2.7 0 0
3 5 8 6 93.5 139.4 594.2 20.3 17.6 52 5.8 0 0
3 6 9 7 92.4 124.1 680.7 8.5 17.2 58 1.3 0 0
3 6 9 1 90.9 126.5 686.5 7 15.6 66 3.1 0 0
9 9 7 2 85.8 48.3 313.4 3.9 18 42 2.7 0 0.307484699747961
1 4 9 2 91 129.5 692.6 7 21.7 38 2.2 0 0.357674444271816
2 5 9 1 90.9 126.5 686.5 7 21.9 39 1.8 0 0.385262400790645
1 2 8 3 95.5 99.9 513.3 13.2 23.3 31 4.5 0 0.438254930931155
8 6 8 5 90.1 108 529.8 12.5 21.2 51 8.9 0 0.476234178996372
1 2 7 6 90 51.3 296.3 8.7 16.6 53 5.4 0 0.536493370514568
2 5 8 3 95.5 99.9 513.3 13.2 23.8 32 5.4 0 0.570979546585738
6 5 8 4 95.2 131.7 578.8 10.4 27.4 22 4 0 0.641853886172395
5 4 3 1 90.1 39.7 86.6 6.2 13.2 40 5.4 0 0.667829372575655
8 3 9 2 84.4 73.4 671.9 3.2 24.2 28 3.6 0 0.672944473242426
2 2 8 2 94.8 108.3 647.1 17 17.4 43 6.7 0 0.727548607277278
8 6 9 4 93.7 80.9 685.2 17.9 23.7 25 4.5 0 0.751416088683921
6 5 6 5 92.5 56.4 433.3 7.1 23.2 39 5.4 0 0.783901543828409
9 9 7 7 90.1 68.6 355.2 7.2 24.8 29 2.2 0 0.858661619037519
3 4 7 6 90.1 51.2 424.1 6.2 24.6 43 1.8 0 0.887891257352457
5 4 9 5 94.3 85.1 692.3 15.9 20.1 47 4.9 0 0.900161349944271
1 5 9 6 93.4 145.4 721.4 8.1 29.6 27 2.7 0 0.900161349944271
7 4 8 7 94.8 108.3 647.1 17 16.4 47 1.3 0 0.940007258491471
2 4 9 6 93.4 145.4 721.4 8.1 28.6 27 2.2 0 0.959350221334602
2 2 8 3 92.1 111.2 654.1 9.6 18.4 45 3.6 0 0.966983846189673
2 4 8 3 92.1 111.2 654.1 9.6 20.5 35 4 0 0.970778917158225
7 4 9 5 92.4 117.9 668 12.2 19 34 5.8 0 0.989541193613748
7 4 3 1 90.1 39.7 86.6 6.2 16.1 29 3.1 0 1.01160091167848
6 4 8 4 95.2 131.7 578.8 10.4 20.3 41 4 0 1.06471073699243
6 3 3 6 90.6 50.1 100.4 7.8 15.2 31 8.5 0 1.07840958135059
8 6 9 6 92.5 121.1 674.4 8.6 17.8 56 1.8 0 1.08180517035173
8 5 9 7 89.7 90 704.4 4.8 17.8 67 2.2 0 1.10194007876078
6 5 3 4 84.9 18.2 55 3 5.3 70 4.5 0 1.14422279992016
6 5 8 3 92.1 111.2 654.1 9.6 16.6 47 0.9 0 1.19088756477728
6 5 8 3 96 127.1 570.5 16.5 23.4 33 4.5 0 1.25561603747777
6 5 3 5 91.2 48.3 97.8 12.5 14.6 26 9.4 0 1.26129787094521
8 6 8 4 95.2 131.7 578.8 10.4 20.7 45 2.2 0 1.26694760348732
5 4 9 3 92.9 133.3 699.6 9.2 21.9 35 1.8 0 1.27256559579155
8 6 8 3 85.6 90.4 609.6 6.6 17.4 50 4 0 1.30562645805244
7 4 8 7 91.4 142.4 601.4 10.6 20.1 39 5.4 0 1.31908561142644
4 4 9 1 90.9 126.5 686.5 7 17.7 39 2.2 0 1.4036429994545
1 4 8 6 90.2 96.9 624.2 8.9 14.2 53 1.8 0 1.50407739677627
1 4 8 6 90.2 96.9 624.2 8.9 20.3 39 4.9 0 1.71018781553424
6 5 4 4 81.5 9.1 55.2 2.7 5.8 54 5.8 0 1.72455071953461
2 5 8 7 90.2 99.6 631.2 6.3 19.2 44 2.7 0 1.73871024813824
2 5 9 3 90.1 82.9 735.7 6.2 18.3 45 2.2 0 1.77155676191054
8 6 8 2 88.8 147.3 614.5 9 14.4 66 5.4 0 1.82937633279936
1 3 9 7 92.4 124.1 680.7 8.5 23.9 32 6.7 0 1.84530023615608
8 6 10 1 84.9 32.8 664.2 3 19.1 32 4 0 1.86252854011626
5 4 2 7 86.8 15.6 48.3 3.9 12.4 53 2.2 0 1.99877363861238
7 4 10 1 91.7 48.5 696.1 11.1 16.8 45 4.5 0 2.05796251000271
8 6 8 5 93.9 135.7 586.7 15.1 20.8 34 4.9 0 2.07442899985629
2 5 9 2 91 129.5 692.6 7 17.6 46 3.1 0 2.08442908319087
8 6 3 7 89.3 51.3 102.2 9.6 11.5 39 5.8 0 2.10291389786498
1 5 9 1 90.9 126.5 686.5 7 21 42 2.2 0 2.11625551480255
6 4 3 6 90.8 41.9 89.4 7.9 13.3 42 0.9 0 2.12823170584927
7 4 3 7 90.7 44 92.4 5.5 11.5 60 4 0 2.22354188565359
6 5 3 5 91.2 48.3 97.8 12.5 11.7 33 4 0 2.23108909128898
2 5 8 4 95.2 131.7 578.8 10.4 24.2 28 2.7 0 2.27006190128849
2 2 8 2 94.8 108.3 647.1 17 24.6 22 4.5 0 2.27315628230323
4 5 9 3 92.9 133.3 699.6 9.2 24.3 25 4 0 2.34276688262688
2 2 8 2 94.8 108.3 647.1 17 24.6 22 4.5 0 2.39880395073459
2 5 8 5 93.9 135.7 586.7 15.1 23.5 36 5.4 0 2.39971180372477
6 5 4 4 81.5 9.1 55.2 2.7 5.8 54 5.8 0 2.47905623610982
4 5 9 4 92.9 137 706.4 9.2 21.5 15 0.9 0 2.48989419129904
3 4 9 2 91 129.5 692.6 7 13.9 59 6.3 0 2.50470927708418
2 4 9 1 63.5 70.8 665.3 0.8 22.6 38 3.6 0 2.51122395810537
1 5 9 2 91 129.5 692.6 7 21.6 33 2.2 0 2.52812576890798
6 5 3 7 90.1 37.6 83.7 7.2 12.4 54 3.6 0 2.57261223020711
7 4 2 7 83.9 8.7 32.1 2.1 8.8 68 2.2 0 2.64262239577975
8 6 10 3 91.4 37.9 673.8 5.2 20.2 37 2.7 0 2.68784749378469
5 6 3 6 90.6 50.1 100.4 7.8 15.1 64 4 0 2.70738331211451
4 5 9 4 92.9 137 706.4 9.2 22.1 34 1.8 0 2.74534598584591
2 2 8 6 93.5 139.4 594.2 20.3 22.9 31 7.2 0 2.80032547721138
7 5 9 2 91 129.5 692.6 7 20.7 37 2.2 0 2.90142159408275
6 5 9 5 92.4 117.9 668 12.2 19.6 33 6.3 0 3.00716665117965
8 3 9 4 93.7 80.9 685.2 17.9 23.2 26 4.9 0 3.19499288440487
4 4 10 6 90.6 43.7 686.9 6.7 18.4 25 3.1 0 3.22803376265297
7 4 8 6 93.5 139.4 594.2 20.3 5.1 96 5.8 0 3.29583686600433
7 4 9 5 94.3 85.1 692.3 15.9 20.1 47 4.9 0 3.30064012667084
7 3 3 1 87.6 52.2 103.8 5 11 46 5.8 0 3.34462703017376
4 4 3 6 91.7 35.8 80.8 7.8 17 27 4.9 0 3.38979933670979
4 4 3 6 91.7 35.8 80.8 7.8 17 27 4.9 0 3.38979933670979
4 4 9 7 92.4 124.1 680.7 8.5 16.9 60 1.3 0 3.41707073081845
1 3 9 1 88.6 91.8 709.9 7.1 12.4 73 6.3 0 3.4442568711226
4 5 9 3 92.9 133.3 699.6 9.2 19.4 19 1.3 0 3.48798651173455
6 5 3 1 90.1 39.7 86.6 6.2 15.2 27 3.1 0 3.49225611260912
8 6 8 7 90.2 99.6 631.2 6.3 16.2 59 3.1 0 3.4986265269937
3 4 9 5 93.3 141.2 713.9 13.9 18.6 49 3.6 0 3.60766939868839
4 3 3 1 87.6 52.2 103.8 5 11 46 5.8 0 3.63363097988346
2 2 7 5 88.3 150.3 309.9 6.8 13.4 79 3.6 0 3.63811233706028
7 4 9 3 90.1 82.9 735.7 6.2 15.4 57 4.5 0 3.65609796458956
4 4 9 7 93.5 149.3 728.6 8.1 22.9 39 4.9 0 3.902982260776
7 5 10 1 91.7 48.5 696.1 11.1 16.1 44 4 0 3.91939575975756
8 6 8 6 92.2 81.8 480.8 11.9 20.1 34 4.5 0 4.08260930600368
4 6 9 7 93.5 149.3 728.6 8.1 28.3 26 3.1 0 4.17592454921452
8 6 8 6 92.2 81.8 480.8 11.9 16.4 43 4 0 4.28082412916472
4 4 9 3 92.9 133.3 699.6 9.2 26.4 21 4.5 0 4.49412688719477
1 5 9 7 93.5 149.3 728.6 8.1 27.8 27 3.1 0 4.56622143584952
6 4 9 2 91 129.5 692.6 7 18.7 43 2.7 0 4.64813388542021
9 4 9 2 84.4 73.4 671.9 3.2 24.3 36 3.1 0 4.66964620517246
4 5 9 6 92.5 121.1 674.4 8.6 17.7 25 3.1 0 5.04908648047051
8 6 8 7 91.4 142.4 601.4 10.6 19.6 41 5.8 0 5.28563731339066
2 2 9 6 92.5 121.1 674.4 8.6 18.2 46 1.8 0 5.30797062357617
1 2 9 2 91 129.5 692.6 7 18.8 40 2.2 0 5.36541511008053
6 5 9 6 92.5 121.1 674.4 8.6 25.1 27 4 0 6.99561962542321
7 5 4 7 81.9 3 7.9 3.5 13.4 75 1.8 0 0
6 3 4 3 88 17.2 43.5 3.8 15.2 51 2.7 0 0
4 4 4 5 83 23.3 85.3 2.3 16.7 20 3.1 0 0
2 4 8 7 94.2 122.3 589.9 12.9 15.4 66 4 0 2.40964416528745
7 4 8 7 91.8 175.1 700.7 13.8 21.9 73 7.6 1 0
2 4 8 7 91.8 175.1 700.7 13.8 22.4 54 7.6 0 1.35325450704169
3 4 8 7 91.8 175.1 700.7 13.8 26.8 38 6.3 0 0.56531380905006
5 4 8 7 91.8 175.1 700.7 13.8 25.7 39 5.4 0 0.0861776962410524
2 4 8 3 92.2 91.6 503.6 9.6 20.7 70 2.2 0 0.559615787935423
8 6 8 3 93.1 157.3 666.7 13.5 28.7 28 2.7 0 0
3 4 8 3 93.1 157.3 666.7 13.5 21.7 40 0.4 0 1.24415459395877
8 5 8 3 93.1 157.3 666.7 13.5 26.8 25 3.1 0 0.518793793415168
8 5 8 3 93.1 157.3 666.7 13.5 24 36 3.1 0 0.215111379616945
6 5 8 3 93.1 157.3 666.7 13.5 22.1 37 3.6 0 0.19062035960865
7 4 8 4 91.9 109.2 565.5 8 21.4 38 2.7 0 0.924258901523332
6 3 8 4 91.6 138.1 621.7 6.3 18.9 41 3.1 0 2.42833629829961
2 5 8 4 87.5 77 694.8 5 22.3 46 4 0 0
8 6 8 6 94.2 117.2 581.1 11 23.9 41 2.2 0 2.19944433407453
4 3 8 6 94.2 117.2 581.1 11 21.4 44 2.7 0 0.518793793415168
3 4 8 6 91.8 170.9 692.3 13.7 20.6 59 0.9 0 0
7 4 8 6 91.8 170.9 692.3 13.7 23.7 40 1.8 0 0.867100487683383
2 4 8 1 93.6 97.9 542 14.4 28.3 32 4 0 2.287471455184
3 4 8 5 91.6 112.4 573 8.9 11.2 84 7.6 0 1.45861502269952
2 4 8 5 91.6 112.4 573 8.9 21.4 42 3.1 0 1.65822807660353
6 3 8 5 91.1 141.1 629.1 7.1 19.3 39 3.6 0 0.940007258491471
4 4 8 5 94.3 167.6 684.4 13 21.8 53 3.1 0 2.02022218201986
4 4 8 2 93.7 102.2 550.3 14.6 22.1 54 7.6 0 0.582215619852664
6 5 8 2 94.3 131.7 607.1 22.7 19.4 55 4 0 0.157003748809665
2 2 8 2 92.1 152.6 658.2 14.3 23.7 24 3.1 0 0
3 4 8 2 92.1 152.6 658.2 14.3 21 32 3.1 0 0
4 4 8 2 92.1 152.6 658.2 14.3 19.1 53 2.7 0 1.68639895357023
2 2 8 2 92.1 152.6 658.2 14.3 21.8 56 3.1 0 0.418710334858185
8 6 8 2 92.1 152.6 658.2 14.3 20.1 58 4.5 0 2.32922702394047
2 5 8 2 92.1 152.6 658.2 14.3 20.2 47 4 0 1.40854497005471
4 6 12 7 84.4 27.2 353.5 6.8 4.8 57 8.5 0 2.30058309032337
8 6 12 3 84 27.8 354.6 5.3 5.1 61 8 0 2.50061594349318
4 6 12 4 84.6 26.4 352 2 5.1 61 4.9 0 1.8531680973567
4 4 12 1 85.4 25.4 349.7 2.6 4.6 21 8.5 0 2.93651291389402
3 4 12 1 85.4 25.4 349.7 2.6 4.6 21 8.5 0 2.46214966266538
4 4 12 1 85.4 25.4 349.7 2.6 4.6 21 8.5 0 3.13679771383259
4 4 12 1 85.4 25.4 349.7 2.6 4.6 21 8.5 0 2.3767644911683
4 6 12 5 84.7 26.7 352.6 4.1 2.2 59 4.9 0 2.32922702394047
6 5 12 2 85.4 25.4 349.7 2.6 5.1 24 8.5 0 3.24921102466427
6 3 2 7 84.9 27.5 353.5 3.4 4.2 51 4 0 0
3 4 2 3 86.9 6.6 18.7 3.2 8.8 35 3.1 0 0.741937344729377
5 4 2 5 85.2 4.9 15.8 6.3 7.5 46 8 0 3.22843003767301
2 5 7 7 93.9 169.7 411.8 12.3 23.4 40 6.3 0 0
7 6 7 3 91.2 183.1 437.7 12.5 12.6 90 7.6 0.2 0
7 4 7 6 91.6 104.2 474.9 9 22.1 49 2.7 0 0
7 4 7 6 91.6 104.2 474.9 9 24.2 32 1.8 0 0
7 4 7 6 91.6 104.2 474.9 9 24.3 30 1.8 0 0
2 5 7 6 91.6 104.2 474.9 9 18.7 53 1.8 0 0
9 4 7 6 91.6 104.2 474.9 9 25.3 39 0.9 0 2.19722457733622
4 5 7 5 91.6 100.2 466.3 6.3 22.9 40 1.3 0 1.29198368164865
7 6 7 2 93.1 180.4 430.8 11 26.9 28 5.4 0 4.47106720146461
8 6 7 2 92.3 88.8 440.9 8.5 17.1 67 3.6 0 2.02419306744936
7 5 6 7 93.1 180.4 430.8 11 22.2 48 1.3 0 0
6 4 6 7 90.4 89.5 290.8 6.4 14.3 46 1.8 0 0.641853886172395
8 6 6 7 90.4 89.5 290.8 6.4 15.4 45 2.2 0 0
8 6 6 3 91.2 147.8 377.2 12.7 19.6 43 4.9 0 0
6 5 6 6 53.4 71 233.8 0.4 10.6 90 2.7 0 0
6 5 6 1 90.4 93.3 298.1 7.5 20.7 25 4.9 0 0
6 5 6 1 90.4 93.3 298.1 7.5 19.1 39 5.4 0 1.50851199384414
3 6 6 5 91.1 94.1 232.1 7.1 19.2 38 4.5 0 0
3 6 6 5 91.1 94.1 232.1 7.1 19.2 38 4.5 0 0
6 5 5 6 85.1 28 113.8 3.5 11.3 94 4.9 0 0
1 4 9 7 89.6 84.1 714.3 5.7 19 52 2.2 0 0
7 4 9 7 89.6 84.1 714.3 5.7 17.1 53 5.4 0 0.343589704390077
3 4 9 7 89.6 84.1 714.3 5.7 23.8 35 3.6 0 1.8213182714696
2 4 9 7 92.4 105.8 758.1 9.9 16 45 1.8 0 0
2 4 9 7 92.4 105.8 758.1 9.9 24.9 27 2.2 0 0
7 4 9 7 92.4 105.8 758.1 9.9 25.3 27 2.7 0 0
6 3 9 7 92.4 105.8 758.1 9.9 24.8 28 1.8 0 2.72719901994097
2 4 9 7 50.4 46.2 706.6 0.4 12.2 78 6.3 0 0
6 5 9 3 92.6 115.4 777.1 8.8 24.3 27 4.9 0 0
4 4 9 3 92.6 115.4 777.1 8.8 19.7 41 1.8 0 0.947789398933526
3 4 9 3 91.2 134.7 817.5 7.2 18.5 30 2.7 0 0
4 5 9 4 92.4 96.2 739.4 8.6 18.6 24 5.8 0 0
4 4 9 4 92.4 96.2 739.4 8.6 19.2 24 4.9 0 1.56444054650336
6 5 9 4 92.8 119 783.5 7.5 21.6 27 2.2 0 0
5 4 9 4 92.8 119 783.5 7.5 21.6 28 6.3 0 1.68824909285839
6 3 9 4 92.8 119 783.5 7.5 18.9 34 7.2 0 3.56558123776944
1 4 9 4 92.8 119 783.5 7.5 16.8 28 4 0 2.10535292346434
6 5 9 4 92.8 119 783.5 7.5 16.8 28 4 0 0.698134722070984
3 5 9 4 90.7 136.9 822.8 6.8 12.9 39 2.7 0 1.15688119679209
6 5 9 4 88.1 53.3 726.9 5.4 13.7 56 1.8 0 1.69009581545155
1 4 9 6 92.2 102.3 751.5 8.4 24.2 27 3.1 0 0
5 4 9 6 92.2 102.3 751.5 8.4 24.1 27 3.1 0 0
6 5 9 6 92.2 102.3 751.5 8.4 21.2 32 2.2 0 0
6 5 9 6 92.2 102.3 751.5 8.4 19.7 35 1.8 0 0
4 3 9 6 92.2 102.3 751.5 8.4 23.5 27 4 0 1.4655675420144
3 3 9 6 92.2 102.3 751.5 8.4 24.2 27 3.1 0 2.02551319965428
7 4 9 6 91.2 124.4 795.3 8.5 21.5 28 4.5 0 2.81180943539306
4 4 9 6 91.2 124.4 795.3 8.5 17.1 41 2.2 0 2.50307395374345
1 4 9 1 92.1 87.7 721.1 9.5 18.1 54 3.1 0 1.14103300455206
2 3 9 1 91.6 108.4 764 6.2 18 51 5.4 0 0
4 3 9 1 91.6 108.4 764 6.2 9.8 86 1.8 0 0
7 4 9 1 91.6 108.4 764 6.2 19.3 44 2.2 0 0
6 3 9 1 91.6 108.4 764 6.2 23 34 2.2 0 4.04375277610604
8 6 9 1 91.6 108.4 764 6.2 22.7 35 2.2 0 2.13771044980381
2 4 9 1 91.6 108.4 764 6.2 20.4 41 1.8 0 0.904218150639886
2 5 9 1 91.6 108.4 764 6.2 19.3 44 2.2 0 1.5953389880546
8 6 9 1 91.9 111.7 770.3 6.5 15.7 51 2.2 0 0
6 3 9 1 91.5 130.1 807.1 7.5 20.6 37 1.8 0 0
8 6 9 1 91.5 130.1 807.1 7.5 15.9 51 4.5 0 1.15688119679209
6 3 9 1 91.5 130.1 807.1 7.5 12.2 66 4.9 0 1.96009478404727
2 2 9 1 91.5 130.1 807.1 7.5 16.8 43 3.1 0 1.9213246735827
1 4 9 1 91.5 130.1 807.1 7.5 21.3 35 2.2 0 3.37382618486602
5 4 9 5 92.1 99 745.3 9.6 10.1 75 3.6 0 0
3 4 9 5 92.1 99 745.3 9.6 17.4 57 4.5 0 0
5 4 9 5 92.1 99 745.3 9.6 12.8 64 3.6 0 0.970778917158225
5 4 9 5 92.1 99 745.3 9.6 10.1 75 3.6 0 1.54968790802833
4 4 9 5 92.1 99 745.3 9.6 15.4 53 6.3 0 2.11745960886736
7 4 9 5 92.1 99 745.3 9.6 20.6 43 3.6 0 1.10856261952128
7 4 9 5 92.1 99 745.3 9.6 19.8 47 2.7 0 1.00063188030791
7 4 9 5 92.1 99 745.3 9.6 18.7 50 2.2 0 1.94161522477243
4 4 9 5 92.1 99 745.3 9.6 20.8 35 4.9 0 2.64333388638252
4 4 9 5 92.1 99 745.3 9.6 20.8 35 4.9 0 0.815364813284194
6 3 9 5 92.5 122 789.7 10.2 15.9 55 3.6 0 0
6 3 9 5 92.5 122 789.7 10.2 19.7 39 2.7 0 0
1 4 9 5 92.5 122 789.7 10.2 21.1 39 2.2 0 2.21046980408624
6 5 9 5 92.5 122 789.7 10.2 18.4 42 2.2 0 0.73716406597672
4 3 9 5 92.5 122 789.7 10.2 17.3 45 4 0 1.59736533119983
7 4 9 5 88.2 55.2 732.3 11.6 15.2 64 3.1 0 0.418710334858185
4 3 9 2 91.9 111.7 770.3 6.5 15.9 53 2.2 0 1.36863942588117
6 5 9 2 91.9 111.7 770.3 6.5 21.1 35 2.7 0 1.89461685466776
6 5 9 2 91.9 111.7 770.3 6.5 19.6 45 3.1 0 3.04594998971461
4 5 9 2 91.1 132.3 812.1 12.5 15.9 38 5.4 0 1.01160091167848
4 5 9 2 91.1 132.3 812.1 12.5 16.4 27 3.6 0 0
6 5 9 6 91.2 94.3 744.4 8.4 16.8 47 4.9 0 2.61300665241532
4 5 9 7 91 276.3 825.1 7.1 13.8 77 7.6 0 0
7 4 9 7 91 276.3 825.1 7.1 13.8 77 7.6 0 2.48989419129904
3 4 7 3 91.9 133.6 520.5 8 14.2 58 4 0 0
4 5 8 7 92 203.2 664.5 8.1 10.4 75 0.9 0 0
5 4 8 4 94.8 222.4 698.6 13.9 20.3 42 2.7 0 0
6 5 9 5 90.3 290 855.3 7.4 10.3 78 4 0 2.96010509591084
6 5 9 6 91.2 94.3 744.4 8.4 15.4 57 4.9 0 3.69759139471596
8 6 8 1 92.1 207 672.6 8.2 21.1 54 2.2 0 0
2 2 8 6 93.7 231.1 715.1 8.4 21.9 42 2.2 0 5.16837950943364
6 5 3 4 90.9 18.9 30.6 8 8.7 51 5.8 0 0
4 5 1 7 18.7 1.1 171.4 0 5.2 100 0.9 0 0
5 4 7 3 93.7 101.3 458.8 11.9 19.3 39 7.2 0 2.16676536985151
8 6 8 4 90.7 194.1 643 6.8 16.2 63 2.7 0 2.85243910372751
8 6 8 3 95.2 217.7 690 18 28.2 29 1.8 0 1.92570744173779
9 6 8 4 91.6 248.4 753.8 6.3 20.5 58 2.7 0 3.78123071517812
8 4 8 6 91.6 273.8 819.1 7.7 21.3 44 4.5 0 2.57870052907436
2 4 8 7 91.6 181.3 613 7.6 20.9 50 2.2 0 2.83321334405622
3 4 9 7 90.5 96.7 750.5 11.4 20.6 55 5.4 0 3.2422016501717
5 5 3 4 90.9 18.9 30.6 8 11.6 48 5.4 0 0
6 4 8 5 94.8 227 706.7 12 23.3 34 3.1 0 3.39249294103201
7 4 8 5 94.8 227 706.7 12 23.3 34 3.1 0 0
7 4 2 1 84.7 9.5 58.3 4.1 7.5 71 6.3 0 2.39425228151987
8 6 9 5 91.1 91.3 738.1 7.2 20.7 46 2.7 0 3.43977686362963
1 3 9 7 91 276.3 825.1 7.1 21.9 43 4 0 4.27332721775054
2 4 3 2 93.4 15 25.6 11.4 15.2 19 7.6 0 0
6 5 2 1 84.1 4.6 46.7 2.2 5.3 68 1.8 0 0
4 5 2 7 85 9 56.9 3.5 10.1 62 1.8 0 3.96613233107518
4 3 9 7 90.5 96.7 750.5 11.4 20.4 55 4.9 0 1.53471436623816
5 6 8 7 91.6 181.3 613 7.6 24.3 33 3.6 0 1.53255686809814
1 2 8 6 93.7 231.1 715.1 8.4 25.9 32 3.1 0 0
9 5 6 3 93.3 49.5 297.7 14 28 34 4.5 0 0
9 5 6 3 93.3 49.5 297.7 14 28 34 4.5 0 2.21484617868604
3 4 9 4 91.1 88.2 731.7 8.3 22.8 46 4 0 1.78339121955754
9 9 8 5 94.8 227 706.7 12 25 36 4 0 0
8 6 8 4 90.7 194.1 643 6.8 21.3 41 3.6 0 0
2 4 9 3 87.9 84.8 725.1 3.7 21.8 34 2.2 0 1.95160817016995
2 2 8 2 94.6 212.1 680.9 9.5 27.9 27 2.2 0 0
6 5 9 6 87.1 291.3 860.6 4 17 67 4.9 0 1.5993875765806
4 5 2 6 84.7 8.2 55 2.9 14.2 46 4 0 0
4 3 9 5 90.3 290 855.3 7.4 19.9 44 3.1 0 2.17475172148416
1 4 7 2 92.3 96.2 450.2 12.1 23.4 31 5.4 0 0
6 3 2 5 84.1 7.3 52.8 2.7 14.7 42 2.7 0 0
7 4 2 5 84.6 3.2 43.6 3.3 8.2 53 9.4 0 1.7263316639056
9 4 7 1 92.3 92.1 442.1 9.8 22.8 27 4.5 0 0.966983846189673
7 5 8 6 93.7 231.1 715.1 8.4 26.4 33 3.6 0 0
5 4 8 7 93.6 235.1 723.1 10.1 24.1 50 4 0 0
8 6 8 4 94.8 222.4 698.6 13.9 27.5 27 4.9 0 6.61643994756459
6 3 7 2 92.7 164.1 575.8 8.9 26.3 39 3.1 0 2.08193842187842
6 5 3 3 93.4 17.3 28.3 9.9 13.8 24 5.8 0 0
2 4 8 7 92 203.2 664.5 8.1 24.9 42 5.4 0 1.23547147138531
2 5 8 7 91.6 181.3 613 7.6 24.8 36 4 0 1.39871688111845
8 8 8 3 91.7 191.4 635.9 7.8 26.2 36 4.5 0 5.22982437010274
2 4 8 3 95.2 217.7 690 18 30.8 19 4.5 0 0
8 6 7 7 88.9 263.1 795.9 5.2 29.3 27 3.6 0 1.98787434815435
1 3 9 6 91.2 94.3 744.4 8.4 22.3 48 4 0 0.542324290825362
8 6 8 6 93.7 231.1 715.1 8.4 26.9 31 3.6 0 1.78507048107726
2 2 8 4 91.6 248.4 753.8 6.3 20.4 56 2.2 0 0
8 6 8 4 91.6 248.4 753.8 6.3 20.4 56 2.2 0 0
2 4 8 1 92.1 207 672.6 8.2 27.9 33 2.2 0 1.20896034583698
1 3 8 4 94.8 222.4 698.6 13.9 26.2 34 5.8 0 0
3 4 8 7 91.6 181.3 613 7.6 24.6 44 4 0 1.43508452528932
7 4 9 4 89.7 287.2 849.3 6.8 19.4 45 3.6 0 0
1 3 8 6 92.1 178 605.3 9.6 23.3 40 4 0 1.99605993274078
8 6 8 4 94.8 222.4 698.6 13.9 23.9 38 6.7 0 0
2 4 8 7 93.6 235.1 723.1 10.1 20.9 66 4.9 0 2.79361608943186
1 4 8 5 90.6 269.8 811.2 5.5 22.2 45 3.6 0 0
2 5 7 6 90.8 84.7 376.6 5.6 23.8 51 1.8 0 0
8 6 8 1 92.1 207 672.6 8.2 26.8 35 1.3 0 0.431782416425538
8 6 8 6 89.4 253.6 768.4 9.7 14.2 73 2.7 0 0
2 5 8 6 93.7 231.1 715.1 8.4 23.6 53 4 0 2.00552585872967
1 3 9 5 91.1 91.3 738.1 7.2 19.1 46 2.2 0 0.285178942233662
5 4 9 5 90.3 290 855.3 7.4 16.2 58 3.6 0 0
8 6 8 1 92.1 207 672.6 8.2 25.5 29 1.8 0 0.802001585472027
6 5 4 1 87.9 24.9 41.6 3.7 10.9 64 3.1 0 1.47017584510059
1 2 7 5 90.7 80.9 368.3 16.8 14.8 78 8 0 0
2 5 9 5 90.3 290 855.3 7.4 16.2 58 3.6 0 2.39425228151987
5 5 8 7 94 47.9 100.7 10.7 17.3 80 4.5 0 0
6 5 8 7 92 203.2 664.5 8.1 19.1 70 2.2 0 0
3 4 3 3 93.4 17.3 28.3 9.9 8.9 35 8 0 0
7 4 9 3 89.7 284.9 844 10.1 10.5 77 4 0 0
7 4 8 7 91.6 181.3 613 7.6 19.3 61 4.9 0 0
4 5 8 3 95.2 217.7 690 18 23.4 49 5.4 0 2.00552585872967
1 4 8 5 90.5 196.8 649.9 16.3 11.8 88 4.9 0 2.37117788445966
7 4 8 1 91.5 238.2 730.6 7.5 17.7 65 4 0 0
4 5 8 4 89.4 266.2 803.3 5.6 17.4 54 3.1 0 0
3 4 8 4 91.6 248.4 753.8 6.3 16.8 56 3.1 0 0
3 4 7 1 94.6 160 567.2 16.7 17.9 48 2.7 0 0
2 4 8 4 91.6 248.4 753.8 6.3 16.6 59 2.7 0 0
1 4 8 3 91.7 191.4 635.9 7.8 19.9 50 4 0 4.42783617070518
8 6 8 6 93.7 231.1 715.1 8.4 18.9 64 4.9 0 1.46325540225602
7 4 8 6 91.6 273.8 819.1 7.7 15.5 72 8 0 1.07840958135059
2 5 8 6 93.7 231.1 715.1 8.4 18.9 64 4.9 0 0
8 6 8 6 93.7 231.1 715.1 8.4 18.9 64 4.9 0 0
1 4 9 7 91 276.3 825.1 7.1 14.5 76 7.6 0 1.54968790802833
6 5 2 2 75.1 4.4 16.2 1.9 4.6 82 6.3 0 1.85473426838944
6 4 2 2 75.1 4.4 16.2 1.9 5.1 77 5.4 0 1.14422279992016
2 2 2 6 79.5 3.6 15.3 1.8 4.6 59 0.9 0 2.05923883436232
6 5 3 1 87.2 15.1 36.9 7.1 10.2 45 5.8 0 1.43031124653666
3 4 3 3 90.2 18.5 41.1 7.3 11.2 41 5.4 0 1.87946504964716
6 5 3 4 91.3 20.6 43.5 8.5 13.3 27 3.6 0 2.02946317187359
6 3 4 7 91 14.6 25.6 12.3 13.7 33 9.4 0 4.1292289640756
5 4 4 7 91 14.6 25.6 12.3 17.6 27 5.8 0 0
4 3 5 5 89.6 25.4 73.7 5.7 18 40 4 0 3.67579421456528
8 3 6 1 88.2 96.2 229 4.7 14.3 79 4 0 1.07840958135059
9 4 6 6 90.5 61.1 252.6 9.4 24.5 50 3.1 0 4.26717679299494
4 3 6 4 93 103.8 316.7 10.8 26.4 35 2.7 0 2.40514168131914
2 5 6 4 93.7 121.7 350.2 18 22.7 40 9.4 0 1.43270073393405
4 3 7 4 93.5 85.3 395 9.9 27.2 28 1.3 0 1.01523067972906
4 3 7 7 93.7 101.3 423.4 14.7 26.1 45 4 0 2.12345842709661
7 4 7 7 93.7 101.3 423.4 14.7 18.2 82 4.5 0 1.16627093714192
7 4 7 1 89.2 103.9 431.6 6.4 22.6 57 4.9 0 5.63310962136115
9 9 7 4 93.2 114.4 560 9.5 30.2 25 4.5 0 1.32175583998232
4 3 7 4 93.2 114.4 560 9.5 30.2 22 4.9 0 0
3 4 8 7 94.9 130.3 587.1 14.1 23.4 40 5.8 0 0.828551817566148
8 6 8 7 94.9 130.3 587.1 14.1 31 27 5.4 0 0
2 5 8 7 94.9 130.3 587.1 14.1 33.1 25 4 0 3.31163730494951
2 4 8 1 95 135.5 596.3 21.3 30.6 28 3.6 0 1.12167756159911
5 4 8 2 95.1 141.3 605.8 17.7 24.1 43 6.3 0 1.09861228866811
5 4 8 2 95.1 141.3 605.8 17.7 26.4 34 3.6 0 2.85647020622048
4 4 8 2 95.1 141.3 605.8 17.7 19.4 71 7.6 0 3.8649313978943
4 4 8 3 95.1 141.3 605.8 17.7 20.6 58 1.3 0 0
4 4 8 3 95.1 141.3 605.8 17.7 28.7 33 4 0 0
4 4 8 4 95.8 152 624.1 13.8 32.4 21 4.5 0 0
1 3 8 5 95.9 158 633.6 11.3 32.4 27 2.2 0 0
1 3 8 5 95.9 158 633.6 11.3 27.5 29 4.5 0 3.79143604243903
6 6 8 6 96 164 643 14 30.8 30 4.9 0 2.26072088889535
6 6 8 1 96.2 175.5 661.8 16.8 23.9 42 2.2 0 0
4 5 8 1 96.2 175.5 661.8 16.8 32.6 26 3.1 0 1.32707500145992
3 4 8 2 96.1 181.1 671.2 14.3 32.3 27 2.2 0 2.75238601492226
6 5 8 2 96.1 181.1 671.2 14.3 33.3 26 2.7 0 3.72665681844797
7 5 8 2 96.1 181.1 671.2 14.3 27.3 63 4.9 6.4 2.46979301197795
8 6 8 2 96.1 181.1 671.2 14.3 21.6 65 4.9 0.8 0
7 5 8 2 96.1 181.1 671.2 14.3 21.6 65 4.9 0.8 0
4 4 8 2 96.1 181.1 671.2 14.3 20.7 69 4.9 0.4 0
2 4 8 3 94.5 139.4 689.1 20 29.2 30 4.9 0 1.08180517035173
4 3 8 3 94.5 139.4 689.1 20 28.9 29 4.9 0 3.92375392830384
1 2 8 4 91 163.2 744.4 10.1 26.7 35 1.8 0 1.91692261218206
1 2 8 5 91 166.9 752.6 7.1 18.5 73 8.5 0 0
2 4 8 5 91 166.9 752.6 7.1 25.9 41 3.6 0 0
1 2 8 5 91 166.9 752.6 7.1 25.9 41 3.6 0 0
5 4 8 5 91 166.9 752.6 7.1 21.1 71 7.6 1.4 1.15373158788919
6 5 8 5 91 166.9 752.6 7.1 18.2 62 5.4 0 0.357674444271816
8 6 8 7 81.6 56.7 665.6 1.9 27.8 35 2.7 0 0
4 3 8 7 81.6 56.7 665.6 1.9 27.8 32 2.7 0 2.006870848845
2 4 8 7 81.6 56.7 665.6 1.9 21.9 71 5.8 0 4.01259206034984
7 4 8 7 81.6 56.7 665.6 1.9 21.2 70 6.7 0 2.49815187653802
1 4 8 6 94.4 146 614.7 11.3 25.6 42 4 0 0
6 3 11 2 79.5 3 106.7 1.1 11.8 31 4.5 0 0
